0	89.8442	 39.9576	20
1	89.6881	 39.915	20
2	89.5317	 39.8721	20
3	89.3751	 39.8291	20
4	89.2182	 39.7858	20
5	89.0612	 39.7423	20
6	88.9038	 39.6986	20
7	88.7463	 39.6547	20
8	88.5884	 39.6106	20
9	88.4304	 39.5663	20
10	88.2721	 39.5218	20
11	88.1137	 39.4771	20
12	87.9549	 39.4322	20
13	87.796	 39.3871	20
14	87.6369	 39.3418	20
15	87.4775	 39.2963	20
16	87.318	 39.2505	20
17	87.1582	 39.2046	20
18	86.9982	 39.1586	20
19	86.8381	 39.1123	20
20	86.6777	 39.0658	20
21	86.5171	 39.0191	20
22	86.3564	 38.9723	20
23	86.1955	 38.9253	20
24	86.0344	 38.8781	20
25	85.8731	 38.8307	20
26	85.7116	 38.7831	20
27	85.55	 38.7353	20
28	85.3882	 38.6874	20
29	85.2263	 38.6393	20
30	85.0642	 38.591	20
31	84.9019	 38.5426	20
32	84.7395	 38.494	20
33	84.577	 38.4452	20
34	84.4143	 38.3963	20
35	84.2514	 38.3472	20
36	84.0885	 38.2979	20
37	83.9253	 38.2485	20
38	83.7621	 38.1989	20
39	83.5988	 38.1491	20
40	83.4353	 38.0992	20
41	83.2717	 38.0492	20
42	83.108	 37.999	20
43	82.9442	 37.9486	20
44	82.7803	 37.8981	20
45	82.6163	 37.8475	20
46	82.4522	 37.7967	20
47	82.288	 37.7458	20
48	82.1237	 37.6947	20
49	81.9594	 37.6435	20
50	81.795	 37.5922	20
51	81.6305	 37.5407	20
52	81.4659	 37.4891	20
53	81.3012	 37.4374	20
54	81.1365	 37.3856	20
55	80.9718	 37.3336	20
56	80.807	 37.2815	20
57	80.6421	 37.2293	20
58	80.4772	 37.1769	20
59	80.3123	 37.1245	20
60	80.1473	 37.0719	20
61	79.9823	 37.0192	20
62	79.8173	 36.9665	20
63	79.6522	 36.9136	20
64	79.4872	 36.8606	20
65	79.3221	 36.8075	20
66	79.157	 36.7543	20
67	78.9919	 36.701	20
68	78.8268	 36.6476	20
69	78.6617	 36.5941	20
70	78.4966	 36.5405	20
71	78.3316	 36.4868	20
72	78.1665	 36.4331	20
73	78.0015	 36.3792	20
74	77.8365	 36.3253	20
75	77.6715	 36.2713	20
76	77.5066	 36.2172	20
77	77.3417	 36.1631	20
78	77.1768	 36.1088	20
79	77.012	 36.0545	20
80	76.8473	 36.0002	20
81	76.6826	 35.9457	20
82	76.518	 35.8912	20
83	76.3534	 35.8367	20
84	76.1889	 35.782	20
85	76.0245	 35.7273	20
86	75.8602	 35.6726	20
87	75.6959	 35.6178	20
88	75.5318	 35.563	20
89	75.3677	 35.5081	20
90	75.2037	 35.4531	20
91	75.0398	 35.3981	20
92	74.8761	 35.3431	20
93	74.7124	 35.2881	20
94	74.5489	 35.233	20
95	74.3855	 35.1778	20
96	74.2222	 35.1226	20
97	74.059	 35.0674	20
98	73.896	 35.0122	20
99	73.733	 34.957	20
100	73.5703	 34.9017	20
101	73.4077	 34.8464	20
102	73.2452	 34.7911	20
103	73.0829	 34.7357	20
104	72.9207	 34.6804	20
105	72.7587	 34.625	20
106	72.5969	 34.5696	20
107	72.4352	 34.5143	20
108	72.2737	 34.4589	20
109	72.1124	 34.4035	20
110	71.9513	 34.3481	20
111	71.7904	 34.2927	20
112	71.6296	 34.2373	20
113	71.4691	 34.182	20
114	71.3087	 34.1266	20
115	71.1485	 34.0712	20
116	70.9886	 34.0159	20
117	70.8289	 33.9605	20
118	70.6693	 33.9052	20
119	70.51	 33.8499	20
120	70.3509	 33.7946	20
121	70.1921	 33.7394	20
122	70.0334	 33.6842	20
123	69.8751	 33.629	20
124	69.7169	 33.5738	20
125	69.559	 33.5187	20
126	69.4013	 33.4635	20
127	69.2439	 33.4085	20
128	69.0867	 33.3534	20
129	68.9298	 33.2984	20
130	68.7731	 33.2435	20
131	68.6167	 33.1886	20
132	68.4606	 33.1337	20
133	68.3047	 33.0789	20
134	68.1492	 33.0242	20
135	67.9939	 32.9694	20
136	67.8388	 32.9148	20
137	67.6841	 32.8602	20
138	67.5296	 32.8056	20
139	67.3755	 32.7512	20
140	67.2216	 32.6967	20
141	67.068	 32.6424	20
142	66.9147	 32.5881	20
143	66.7618	 32.5339	20
144	66.6091	 32.4797	20
145	66.4568	 32.4256	20
146	66.3047	 32.3716	20
147	66.153	 32.3177	20
148	66.0016	 32.2638	20
149	65.8505	 32.2101	20
150	65.6998	 32.1564	20
151	65.5493	 32.1028	20
152	65.3992	 32.0492	20
153	65.2495	 31.9958	20
154	65.1001	 31.9424	20
155	64.951	 31.8892	20
156	64.8022	 31.836	20
157	64.6538	 31.7829	20
158	64.5058	 31.7299	20
159	64.3581	 31.677	20
160	64.2107	 31.6242	20
161	64.0637	 31.5716	20
162	63.9171	 31.519	20
163	63.7708	 31.4665	20
164	63.6249	 31.4141	20
165	63.4794	 31.3618	20
166	63.3342	 31.3096	20
167	63.1894	 31.2576	20
168	63.045	 31.2056	20
169	62.901	 31.1538	20
170	62.7573	 31.102	20
171	62.614	 31.0504	20
172	62.4711	 30.9989	20
173	62.3286	 30.9476	20
174	62.1864	 30.8963	20
175	62.0447	 30.8452	20
176	61.9033	 30.7941	20
177	61.7623	 30.7433	20
178	61.6218	 30.6925	20
179	61.4816	 30.6418	20
180	61.3418	 30.5913	20
181	61.2025	 30.5409	20
182	61.0635	 30.4907	20
183	60.9249	 30.4406	20
184	60.7867	 30.3906	20
185	60.649	 30.3407	20
186	60.5116	 30.291	20
187	60.3747	 30.2414	20
188	60.2382	 30.1919	20
189	60.1021	 30.1426	20
190	59.9664	 30.0935	20
191	59.8311	 30.0444	20
192	59.6963	 29.9955	20
193	59.5618	 29.9468	20
194	59.4278	 29.8982	20
195	59.1606	 29.8013	20
196	58.8952	 29.7049	20
197	58.6314	 29.6092	20
198	58.3694	 29.514	20
199	58.1091	 29.4195	20
200	57.8505	 29.3256	20
201	57.5937	 29.2323	20
202	57.3386	 29.1397	20
203	57.0854	 29.0476	20
204	56.8338	 28.9563	20
205	56.5841	 28.8655	20
206	56.3361	 28.7754	20
207	56.0899	 28.686	20
208	55.8456	 28.5973	20
209	55.603	 28.5092	20
210	55.3622	 28.4218	20
211	55.1232	 28.3351	20
212	54.886	 28.249	20
213	54.6506	 28.1636	20
214	54.417	 28.079	20
215	54.1853	 27.995	20
216	53.9553	 27.9117	20
217	53.7272	 27.8291	20
218	53.5008	 27.7472	20
219	53.2763	 27.666	20
220	53.0536	 27.5856	20
221	52.8327	 27.5058	20
222	52.6135	 27.4267	20
223	52.3962	 27.3484	20
224	52.1807	 27.2707	20
225	51.967	 27.1938	20
226	51.7551	 27.1176	20
227	51.545	 27.0421	20
228	51.3367	 26.9673	20
229	51.1301	 26.8933	20
230	50.9253	 26.8199	20
231	50.7223	 26.7473	20
232	50.5211	 26.6754	20
233	50.3216	 26.6042	20
234	50.1239	 26.5337	20
235	49.928	 26.4639	20
236	49.7337	 26.3949	20
237	49.5413	 26.3265	20
238	49.3505	 26.2589	20
239	49.1615	 26.192	20
240	48.9742	 26.1258	20
241	48.7886	 26.0603	20
242	48.6047	 25.9955	20
243	48.4225	 25.9314	20
244	48.242	 25.868	20
245	48.0632	 25.8053	20
246	47.8861	 25.7433	20
247	47.7106	 25.682	20
248	47.5367	 25.6214	20
249	47.3646	 25.5615	20
250	47.194	 25.5023	20
251	47.0251	 25.4437	20
252	46.8578	 25.3859	20
253	46.6921	 25.3287	20
254	46.528	 25.2722	20
255	46.3654	 25.2164	20
256	46.2045	 25.1613	20
257	46.0451	 25.1068	20
258	45.7295	 24.9992	20
259	45.4201	 24.8942	20
260	45.1168	 24.7918	20
261	44.8195	 24.6921	20
262	44.5282	 24.5949	20
263	44.2428	 24.5002	20
264	43.9631	 24.4081	20
265	43.6891	 24.3184	20
266	43.4207	 24.2311	20
267	43.1578	 24.1463	20
268	42.9004	 24.0638	20
269	42.6483	 23.9837	20
270	42.4014	 23.9058	20
271	42.1596	 23.8303	20
272	41.9229	 23.7569	20
273	41.6912	 23.6858	20
274	41.4644	 23.6168	20
275	41.2424	 23.55	20
276	41.0251	 23.4852	20
277	40.8124	 23.4225	20
278	40.6042	 23.3618	20
279	40.4005	 23.303	20
280	40.2011	 23.2463	20
281	40.006	 23.1914	20
282	39.8151	 23.1384	20
283	39.6283	 23.0873	20
284	39.4456	 23.038	20
285	39.2667	 22.9904	20
286	39.0918	 22.9446	20
287	38.9206	 22.9005	20
288	38.5857	 22.8156	20
289	38.2654	 22.7373	20
290	37.959	 22.6653	20
291	37.6659	 22.5993	20
292	37.3856	 22.5392	20
293	37.1175	 22.4846	20
294	36.8611	 22.4353	20
295	36.6159	 22.3911	20
296	36.3813	 22.3518	20
297	36.1569	 22.3171	20
298	35.9422	 22.2869	20
299	35.7368	 22.2609	20
300	35.5402	 22.239	20
301	35.3521	 22.2209	20
302	35.1721	 22.2066	20
303	34.9997	 22.1958	20
304	34.8346	 22.1883	20
305	34.6765	 22.184	20
306	34.5251	 22.1828	20
307	34.3799	 22.1845	20
308	34.2408	 22.189	20
309	34.1075	 22.1961	20
310	33.9795	 22.2057	20
311	33.8568	 22.2177	20
312	33.739	 22.232	20
313	33.626	 22.2484	20
314	33.4088	 22.2854	20
315	33.2086	 22.3302	20
316	33.0239	 22.3821	20
317	32.853	 22.4404	20
318	32.6946	 22.5044	20
319	32.5475	 22.5735	20
320	32.4105	 22.6473	20
321	32.2827	 22.7253	20
322	32.1632	 22.807	20
323	32.051	 22.892	20
324	31.9456	 22.98	20
325	31.8462	 23.0708	20
326	31.7522	 23.1639	20
327	31.663	 23.2592	20
328	31.5783	 23.3565	20
329	31.4975	 23.4554	20
330	31.4202	 23.5559	20
331	31.3462	 23.6578	20
332	31.275	 23.7609	20
333	31.2064	 23.8651	20
334	31.1401	 23.9702	20
335	31.076	 24.0762	20
336	31.0137	 24.1829	20
337	30.9531	 24.2903	20
338	30.894	 24.3982	20
339	30.8363	 24.5067	20
340	30.7798	 24.6156	20
341	30.7244	 24.7249	20
342	30.67	 24.8346	20
343	30.6166	 24.9445	20
344	30.5639	 25.0546	20
345	30.5119	 25.165	20
346	30.4606	 25.2755	20
347	30.4099	 25.3862	20
348	30.3597	 25.497	20
349	30.31	 25.6078	20
350	30.2607	 25.7188	20
351	30.2118	 25.8297	20
352	30.1632	 25.9407	20
353	30.115	 26.0517	20
354	30.067	 26.1627	20
355	30.0193	 26.2736	20
356	29.9718	 26.3845	20
357	29.9245	 26.4954	20
358	29.8773	 26.6062	20
359	29.8304	 26.7169	20
360	29.7836	 26.8276	20
361	29.7369	 26.9382	20
362	29.6903	 27.0487	20
363	29.6439	 27.1591	20
364	29.5975	 27.2694	20
365	29.5512	 27.3796	20
366	29.505	 27.4897	20
367	29.4589	 27.5997	20
368	29.4128	 27.7095	20
369	29.3668	 27.8193	20
370	29.3208	 27.9289	20
371	29.2749	 28.0384	20
372	29.2291	 28.1477	20
373	29.1832	 28.257	20
374	29.1374	 28.3661	20
375	29.0916	 28.475	20
376	29.0459	 28.5838	20
377	29.0001	 28.6925	20
378	28.9544	 28.8011	20
379	28.9087	 28.9095	20
380	28.8631	 29.0177	20
381	28.8174	 29.1259	20
382	28.7718	 29.2338	20
383	28.7261	 29.3417	20
384	28.6805	 29.4493	20
385	28.6349	 29.5569	20
386	28.5893	 29.6643	20
387	28.5437	 29.7715	20
388	28.4981	 29.8786	20
389	28.4525	 29.9855	20
390	28.407	 30.0923	20
391	28.3614	 30.1989	20
392	28.3158	 30.3054	20
393	28.2703	 30.4117	20
394	28.2247	 30.5179	20
395	28.1792	 30.6239	20
396	28.1337	 30.7298	20
397	28.0881	 30.8355	20
398	28.0426	 30.9411	20
399	27.9971	 31.0465	20
400	27.9515	 31.1517	20
401	27.906	 31.2568	20
402	27.8605	 31.3617	20
403	27.815	 31.4665	20
404	27.7695	 31.5711	20
405	27.724	 31.6756	20
406	27.6785	 31.7799	20
407	27.633	 31.884	20
408	27.5875	 31.988	20
409	27.542	 32.0919	20
410	27.4965	 32.1955	20
411	27.451	 32.299	20
412	27.4056	 32.4024	20
413	27.3601	 32.5056	20
414	27.3146	 32.6086	20
415	27.2692	 32.7115	20
416	27.2237	 32.8142	20
417	27.1783	 32.9167	20
418	27.1328	 33.0191	20
419	27.0874	 33.1213	20
420	27.0419	 33.2234	20
421	26.9965	 33.3253	20
422	26.9511	 33.427	20
423	26.9056	 33.5286	20
424	26.8602	 33.63	20
425	26.8148	 33.7312	20
426	26.7694	 33.8323	20
427	26.724	 33.9333	20
428	26.6786	 34.034	20
429	26.6332	 34.1346	20
430	26.5879	 34.235	20
431	26.5425	 34.3353	20
432	26.4971	 34.4354	20
433	26.4518	 34.5353	20
434	26.4064	 34.6351	20
435	26.3611	 34.7347	20
436	26.3157	 34.8341	20
437	26.2704	 34.9334	20
438	26.2251	 35.0325	20
439	26.1798	 35.1315	20
440	26.1345	 35.2302	20
441	26.0892	 35.3289	20
442	26.0439	 35.4273	20
443	25.9986	 35.5256	20
444	25.9534	 35.6237	20
445	25.9081	 35.7216	20
446	25.8628	 35.8194	20
447	25.8176	 35.917	20
448	25.7724	 36.0144	20
449	25.7272	 36.1117	20
450	25.682	 36.2088	20
451	25.6368	 36.3058	20
452	25.5916	 36.4025	20
453	25.5464	 36.4991	20
454	25.5012	 36.5956	20
455	25.4561	 36.6918	20
456	25.4109	 36.7879	20
457	25.3658	 36.8838	20
458	25.3207	 36.9796	20
459	25.2756	 37.0752	20
460	25.2305	 37.1706	20
461	25.1854	 37.2659	20
462	25.1403	 37.3609	20
463	25.0953	 37.4558	20
464	25.0502	 37.5506	20
465	25.0052	 37.6451	20
466	24.9602	 37.7395	20
467	24.9152	 37.8338	20
468	24.8702	 37.9278	20
469	24.8252	 38.0217	20
470	24.7803	 38.1154	20
471	24.7353	 38.209	20
472	24.6904	 38.3023	20
473	24.6455	 38.3955	20
474	24.6006	 38.4886	20
475	24.5557	 38.5814	20
476	24.5108	 38.6741	20
477	24.466	 38.7666	20
478	24.4211	 38.859	20
479	24.3763	 38.9512	20
480	24.3315	 39.0432	20
481	24.2867	 39.135	20
482	24.2419	 39.2266	20
483	24.1972	 39.3181	20
484	24.1525	 39.4094	20
485	24.1077	 39.5006	20
486	24.063	 39.5916	20
487	24.0184	 39.6824	20
488	23.9737	 39.773	20
489	23.929	 39.8634	20
490	23.8844	 39.9537	20
491	23.8398	 40.0438	20
492	23.7952	 40.1337	20
493	23.7506	 40.2235	20
494	23.7061	 40.3131	20
495	23.6615	 40.4025	20
496	23.617	 40.4917	20
497	23.5725	 40.5808	20
498	23.5281	 40.6697	20
499	23.4836	 40.7584	20
500	23.4392	 40.847	20
501	23.3948	 40.9353	20
502	23.3504	 41.0235	20
503	23.306	 41.1116	20
504	23.2617	 41.1994	20
505	23.2173	 41.2871	20
506	23.173	 41.3746	20
507	23.1287	 41.4619	20
508	23.0845	 41.5491	20
509	23.0402	 41.6361	20
510	22.996	 41.7229	20
511	22.9518	 41.8095	20
512	22.9077	 41.896	20
513	22.8635	 41.9823	20
514	22.8194	 42.0684	20
515	22.7753	 42.1544	20
516	22.7312	 42.2401	20
517	22.6872	 42.3257	20
518	22.6432	 42.4111	20
519	22.5992	 42.4964	20
520	22.5552	 42.5815	20
521	22.5113	 42.6664	20
522	22.4673	 42.7511	20
523	22.4234	 42.8356	20
524	22.3796	 42.92	20
525	22.3357	 43.0042	20
526	22.2919	 43.0882	20
527	22.2481	 43.1721	20
528	22.2043	 43.2558	20
529	22.1606	 43.3393	20
530	22.1169	 43.4226	20
531	22.0732	 43.5058	20
532	22.0296	 43.5888	20
533	21.9859	 43.6716	20
534	21.9423	 43.7542	20
535	21.8988	 43.8367	20
536	21.8552	 43.919	20
537	21.8117	 44.0011	20
538	21.7682	 44.083	20
539	21.7248	 44.1648	20
540	21.6813	 44.2464	20
541	21.6379	 44.3278	20
542	21.5946	 44.409	20
543	21.5512	 44.4901	20
544	21.5079	 44.571	20
545	21.4646	 44.6517	20
546	21.4214	 44.7323	20
547	21.3782	 44.8127	20
548	21.335	 44.8929	20
549	21.2919	 44.9729	20
550	21.2487	 45.0527	20
551	21.2056	 45.1324	20
552	21.1626	 45.2119	20
553	21.1196	 45.2913	20
554	21.0766	 45.3704	20
555	21.0336	 45.4494	20
556	20.9907	 45.5283	20
557	20.9478	 45.6069	20
558	20.9049	 45.6854	20
559	20.8621	 45.7637	20
560	20.8193	 45.8418	20
561	20.7766	 45.9198	20
562	20.7338	 45.9975	20
563	20.6912	 46.0751	20
564	20.6485	 46.1526	20
565	20.6059	 46.2298	20
566	20.5633	 46.3069	20
567	20.5207	 46.3839	20
568	20.4782	 46.4606	20
569	20.4358	 46.5372	20
570	20.3933	 46.6136	20
571	20.3509	 46.6898	20
572	20.3085	 46.7659	20
573	20.2662	 46.8418	20
574	20.2239	 46.9175	20
575	20.1816	 46.993	20
576	20.1394	 47.0684	20
577	20.0972	 47.1436	20
578	20.0551	 47.2186	20
579	20.013	 47.2935	20
580	19.9709	 47.3682	20
581	19.9289	 47.4427	20
582	19.8869	 47.517	20
583	19.8449	 47.5912	20
584	19.803	 47.6652	20
585	19.7611	 47.739	20
586	19.7193	 47.8127	20
587	19.6775	 47.8862	20
588	19.6357	 47.9595	20
589	19.594	 48.0327	20
590	19.5523	 48.1056	20
591	19.5107	 48.1785	20
592	19.4691	 48.2511	20
593	19.4275	 48.3236	20
594	19.386	 48.3959	20
595	19.3445	 48.468	20
596	19.3031	 48.54	20
597	19.2617	 48.6118	20
598	19.2204	 48.6834	20
599	19.179	 48.7549	20
600	19.1378	 48.8262	20
601	19.0966	 48.8973	20
602	19.0554	 48.9682	20
603	19.0142	 49.039	20
604	18.9731	 49.1096	20
605	18.9321	 49.1801	20
606	18.8911	 49.2504	20
607	18.8501	 49.3205	20
608	18.8092	 49.3904	20
609	18.7683	 49.4602	20
610	18.7274	 49.5298	20
611	18.6867	 49.5993	20
612	18.6459	 49.6685	20
613	18.6052	 49.7376	20
614	18.5645	 49.8066	20
615	18.5239	 49.8754	20
616	18.4833	 49.944	20
617	18.4428	 50.0124	20
618	18.4023	 50.0807	20
619	18.3619	 50.1488	20
620	18.3215	 50.2168	20
621	18.2812	 50.2845	20
622	18.2409	 50.3522	20
623	18.2006	 50.4196	20
624	18.1604	 50.4869	20
625	18.1203	 50.554	20
626	18.0802	 50.621	20
627	18.0401	 50.6878	20
628	18.0001	 50.7544	20
629	17.9601	 50.8209	20
630	17.9202	 50.8872	20
631	17.8803	 50.9533	20
632	17.8405	 51.0193	20
633	17.8007	 51.0851	20
634	17.761	 51.1507	20
635	17.7213	 51.2162	20
636	17.6817	 51.2815	20
637	17.6421	 51.3467	20
638	17.6026	 51.4117	20
639	17.5631	 51.4765	20
640	17.5236	 51.5412	20
641	17.4842	 51.6057	20
642	17.4449	 51.6701	20
643	17.4056	 51.7342	20
644	17.3664	 51.7983	20
645	17.3272	 51.8621	20
646	17.2881	 51.9258	20
647	17.249	 51.9894	20
648	17.2099	 52.0528	20
649	17.1709	 52.116	20
650	17.132	 52.1791	20
651	17.0931	 52.242	20
652	17.0543	 52.3047	20
653	17.0155	 52.3673	20
654	16.9768	 52.4297	20
655	16.9381	 52.492	20
656	16.8995	 52.5541	20
657	16.8609	 52.616	20
658	16.8224	 52.6778	20
659	16.7839	 52.7394	20
660	16.7455	 52.8009	20
661	16.6687	 52.9235	20
662	16.5922	 53.0455	20
663	16.5159	 53.1669	20
664	16.4398	 53.2876	20
665	16.3639	 53.4077	20
666	16.2882	 53.5272	20
667	16.2127	 53.6461	20
668	16.1374	 53.7643	20
669	16.0624	 53.8819	20
670	15.9876	 53.999	20
671	15.913	 54.1153	20
672	15.8386	 54.2311	20
673	15.7644	 54.3463	20
674	15.6905	 54.4608	20
675	15.6168	 54.5748	20
676	15.5433	 54.6881	20
677	15.47	 54.8009	20
678	15.397	 54.913	20
679	15.3242	 55.0245	20
680	15.2516	 55.1355	20
681	15.1792	 55.2458	20
682	15.1071	 55.3556	20
683	15.0352	 55.4648	20
684	14.9635	 55.5733	20
685	14.8921	 55.6813	20
686	14.8209	 55.7887	20
687	14.75	 55.8955	20
688	14.6792	 56.0018	20
689	14.6088	 56.1074	20
690	14.5385	 56.2125	20
691	14.4685	 56.317	20
692	14.3987	 56.421	20
693	14.3292	 56.5243	20
694	14.2599	 56.6271	20
695	14.1908	 56.7293	20
696	14.122	 56.831	20
697	14.0534	 56.9321	20
698	13.9851	 57.0326	20
699	13.917	 57.1326	20
700	13.8492	 57.232	20
701	13.7815	 57.3309	20
702	13.7142	 57.4292	20
703	13.6471	 57.527	20
704	13.5802	 57.6242	20
705	13.5136	 57.7209	20
706	13.4472	 57.817	20
707	13.381	 57.9126	20
708	13.3151	 58.0077	20
709	13.2495	 58.1022	20
710	13.1841	 58.1962	20
711	13.1189	 58.2896	20
712	13.054	 58.3825	20
713	12.9893	 58.4749	20
714	12.9249	 58.5668	20
715	12.8608	 58.6581	20
716	12.7969	 58.7489	20
717	12.7332	 58.8392	20
718	12.6698	 58.929	20
719	12.6066	 59.0183	20
720	12.5437	 59.107	20
721	12.481	 59.1953	20
722	12.4186	 59.283	20
723	12.3564	 59.3702	20
724	12.2945	 59.457	20
725	12.2328	 59.5432	20
726	12.1714	 59.6289	20
727	12.1102	 59.7141	20
728	12.0493	 59.7989	20
729	11.9886	 59.8831	20
730	11.9282	 59.9669	20
731	11.868	 60.0501	20
732	11.8081	 60.1329	20
733	11.7484	 60.2152	20
734	11.689	 60.297	20
735	11.6298	 60.3783	20
736	11.5709	 60.4591	20
737	11.5122	 60.5395	20
738	11.4538	 60.6194	20
739	11.3957	 60.6988	20
740	11.3377	 60.7778	20
741	11.2801	 60.8563	20
742	11.2226	 60.9343	20
743	11.1655	 61.0119	20
744	11.1085	 61.089	20
745	11.0519	 61.1656	20
746	10.9954	 61.2418	20
747	10.9393	 61.3176	20
748	10.8833	 61.3929	20
749	10.8277	 61.4677	20
750	10.7722	 61.5421	20
751	10.7171	 61.616	20
752	10.6621	 61.6895	20
753	10.6074	 61.7626	20
754	10.553	 61.8352	20
755	10.4988	 61.9074	20
756	10.4449	 61.9792	20
757	10.3912	 62.0505	20
758	10.3377	 62.1214	20
759	10.2845	 62.1919	20
760	10.2315	 62.2619	20
761	10.1788	 62.3315	20
762	10.1264	 62.4007	20
763	10.0741	 62.4695	20
764	10.0221	 62.5378	20
765	9.97041	 62.6058	20
766	9.91891	 62.6733	20
767	9.86766	 62.7404	20
768	9.81665	 62.8071	20
769	9.76588	 62.8734	20
770	9.71535	 62.9393	20
771	9.66507	 63.0048	20
772	9.61502	 63.0699	20
773	9.56522	 63.1346	20
774	9.51565	 63.1989	20
775	9.46633	 63.2629	20
776	9.41724	 63.3264	20
777	9.36839	 63.3895	20
778	9.31978	 63.4522	20
779	9.27141	 63.5146	20
780	9.22327	 63.5766	20
781	9.17537	 63.6382	20
782	9.12771	 63.6994	20
783	9.08028	 63.7602	20
784	9.03308	 63.8206	20
785	8.98612	 63.8807	20
786	8.9394	 63.9404	20
787	8.8929	 63.9998	20
788	8.84664	 64.0587	20
789	8.80062	 64.1173	20
790	8.75482	 64.1756	20
791	8.70925	 64.2335	20
792	8.61858	 64.3485	20
793	8.52881	 64.4621	20
794	8.43995	 64.5743	20
795	8.35199	 64.6851	20
796	8.26494	 64.7945	20
797	8.17878	 64.9025	20
798	8.09352	 65.0091	20
799	8.00914	 65.1145	20
800	7.92565	 65.2185	20
801	7.84304	 65.3212	20
802	7.7613	 65.4225	20
803	7.68043	 65.5227	20
804	7.60042	 65.6215	20
805	7.52126	 65.7191	20
806	7.44296	 65.8155	20
807	7.3655	 65.9106	20
808	7.28887	 66.0045	20
809	7.21308	 66.0972	20
810	7.13812	 66.1888	20
811	7.06398	 66.2792	20
812	6.99065	 66.3684	20
813	6.91813	 66.4565	20
814	6.84641	 66.5434	20
815	6.77548	 66.6293	20
816	6.70535	 66.714	20
817	6.636	 66.7977	20
818	6.56742	 66.8803	20
819	6.49962	 66.9618	20
820	6.43258	 67.0422	20
821	6.3663	 67.1217	20
822	6.30077	 67.2001	20
823	6.23598	 67.2775	20
824	6.17194	 67.3539	20
825	6.10862	 67.4293	20
826	6.04604	 67.5037	20
827	5.98417	 67.5771	20
828	5.92302	 67.6496	20
829	5.86257	 67.7212	20
830	5.80282	 67.7918	20
831	5.74377	 67.8616	20
832	5.68541	 67.9304	20
833	5.62773	 67.9983	20
834	5.57073	 68.0653	20
835	5.51439	 68.1315	20
836	5.45872	 68.1967	20
837	5.4037	 68.2612	20
838	5.34934	 68.3248	20
839	5.29562	 68.3875	20
840	5.24253	 68.4494	20
841	5.19008	 68.5106	20
842	5.13826	 68.5709	20
843	5.08705	 68.6304	20
844	5.03646	 68.6892	20
845	4.98647	 68.7471	20
846	4.93709	 68.8043	20
847	4.8883	 68.8608	20
848	4.7919	 68.9722	20
849	4.69781	 69.0807	20
850	4.606	 69.1863	20
851	4.51643	 69.2891	20
852	4.42905	 69.3892	20
853	4.34382	 69.4867	20
854	4.2607	 69.5815	20
855	4.17963	 69.6739	20
856	4.10058	 69.7638	20
857	4.02349	 69.8512	20
858	3.94833	 69.9364	20
859	3.87506	 70.0193	20
860	3.80362	 70.1	20
861	3.73398	 70.1785	20
862	3.6661	 70.255	20
863	3.59993	 70.3293	20
864	3.53545	 70.4017	20
865	3.4726	 70.4722	20
866	3.41136	 70.5408	20
867	3.35168	 70.6075	20
868	3.29353	 70.6724	20
869	3.23687	 70.7356	20
870	3.18166	 70.7971	20
871	3.12788	 70.8569	20
872	3.07549	 70.9152	20
873	3.02444	 70.9718	20
874	2.92501	 71.0821	20
875	2.83067	 71.1864	20
876	2.74129	 71.2851	20
877	2.65656	 71.3784	20
878	2.57628	 71.4667	20
879	2.50023	 71.5502	20
880	2.42818	 71.6292	20
881	2.35993	 71.7039	20
882	2.29531	 71.7745	20
883	2.23411	 71.8413	20
884	2.17616	 71.9045	20
885	2.12131	 71.9643	20
886	2.06938	 72.0207	20
